image: slam_map.pgm
resolution: 0.05000000074505806
origin: [-9.920142807421117, -3.7204864890826013, 0.0]
negate: 0
occupied_thresh: 0.65
free_thresh: 0.25
mode: trinary
